0.00850851
0.00850851
0.00850851
0.00850851
0.00850851
0.00850851
0.00850851
0.00850851
0.00850851
0.00850851
0.00850851
0.00850851
0.00850851
0.00850851
0.00850851
0.00850851
0.00850851
0.00850851
0.00850851
0.00850851
0.00850851
0.00850851
0.00850851
0.00850851
0.00850851
0.00850851
0.00850851
0.00850851
0.00850851
0.00850851
0.00850851
0.00850851
0.00850851
0.00850851
0.00850851
0.00850851
0.00850851
0.00850851
0.00850851
0.00850851
0.00850851
0.00850851
0.00850851
0.00850851
0.00850851
0.00850851
0.00850851
0.00850851
0.00850851
0.00850851
0.00850851
0.00850851
0.00850851
0.00850851
0.00850851
0.00850851
0.00850851
0.00850851
0.00850851
0.00850851
0.00850851
0.00850851
0.00850851
0.00850851
0.00850851
0.00850851
0.00850851
0.00850851
0.00850851
0.00850851
0.00850851
0.00850851
0.00850851
0.00850851
0.00850851
0.00850851
0.00850851
0.00850851
0.00850851
0.00850851
0.00850851
0.00850851
0.00850851
0.00850851
0.00850851
0.00850851
0.00850851
0.00850851
0.00850851
0.00850851
0.00850851
0.00850851
0.00850851
0.00850851
0.00850851
0.00850851
0.00850851
0.00850851
0.00850851
0.00850851
0.00850851
0.00850851
0.00850851
0.00850851
0.00850851
0.00850851
0.00850851
0.00850851
0.00850851
0.00850851
0.00850851
0.00850851
0.00850851
0.00850851
0.00850851
0.00850851
0.00850851
0.00850851
0.00850851
0.00850851
0.00850851
0.00850851
0.00850851
0.00850851
0.00850851
0.00850851
0.00850851
0.00850851
0.00850851
0.00850851
0.00850851
0.00850851
0.00850851
0.00850851
0.00850851
0.00850851
0.00850851
0.00850851
0.00850851
0.00850851
0.00863385
0.00863385
0.0025025
0.00893403
0.00906471
0.00920856
0.0025025
0.00934965
0.00934965
0.0025025
0.00949255
0.0025025
0.00963167
0.00963167
0.0025025
0.00976283
0.0025025
0.00990006
0.0100454
0.0100454
0.0101819
0.0104652
0.0025025
0.0106071
0.0106071
0.0025025
0.0107521
0.0107521
0.0110337
0.0025025
0.0113197
0.0113197
0.0025025
0.0025025
0.0025025
0.0025025
0.0025025
0.0120894
0.0120894
0.0025025
0.0122185
0.0122185
0.0025025
0.0123455
0.0025025
0.0025025
0.0025025
0.0025025
0.0025025
0.0025025
0.01246
0.0123301
0.0025025
0.0025025
0.0120693
0.0025025
0.0119438
0.0025025
0.0118181
0.0025025
0.0116896
0.0115639
0.0115639
0.0025025
0.0025025
0.0112974
0.0025025
0.0110427
0.0110427
0.010913
0.010913
0.0107839
0.0025025
0.0025025
0.0105384
0.0104044
0.0025025
0.0102688
0.0025025
0.0100081
0.0025025
0.00987868
0.00987868
0.0025025
0.00975359
0.00962877
0.00962877
0.0025025
0.00950359
0.00937544
0.0025025
0.00925039
0.00925039
0.0025025
0.00912259
0.00912259
0.0025025
0.0025025
0.00887371
0.00875012
0.00862654
0.00850559
0.00813443
0.00813443
0.00789113
0.00789113
0.00777058
0.0025025
0.00764912
0.0025025
0.0025025
0.0025025
0.0025025
0.0025025
0.0025025
0.0025025
0.0025025
0.0025025
0.0025025
0.00252977
0.00254349
0.00257127
0.00669449
0.00669449
0.00246104
0.00669449
0.00669449
0.00245074
0.00669449
0.00244581
0.00669449
0.00244106
0.00669449
0.00243667
0.00268323
0.00669449
0.00243242
0.00270156
0.00669449
0.00242842
0.00669449
0.00242445
0.00669449
0.00242105
0.00242105
0.00276212
0.00669449
0.00241807
0.00278278
0.00669449
0.00669449
0.0024134
0.00282409
0.00669449
0.0024285
0.00285327
0.00669449
0.00669449
0.0024609
0.0024609
0.00288991
0.00669449
0.00669449
0.00669449
0.00249587
0.00290679
0.00251444
0.00291561
0.00669449
0.00669449
0.00255262
0.00293343
0.00669449
0.00669449
0.00257338
0.00669449
0.00259452
0.00669449
0.00669449
0.00261605
0.00296224
0.00669449
0.00261605
0.00296224
0.00669449
0.00261605
0.00296224
0.00669449
0.00261605
0.00296224
0.00669449
0.00261605
0.00296224
0.00669449
0.00261605
0.00296224
0.00669449
0.00261605
0.00296224
0.00669449
0.00261605
0.00296224
0.00669449
0.00261605
0.00296224
0.00669449
0.00261605
0.00296224
0.00669449
0.00261605
0.00296224
0.00669449
0.00262654
0.00296115
0.00653616
0.00653616
0.00263745
0.00263745
0.00637103
0.00637103
0.0026479
0.00295801
0.00265817
0.00265817
0.00295606
0.00605518
0.00605518
0.00266838
0.00295382
0.0026785
0.00295132
0.00574188
0.00574188
0.00268846
0.00269917
0.00294528
0.00541853
0.00270918
0.00270918
0.00525993
0.00525993
0.00271883
0.0051055
0.00272944
0.00293406
0.0049338
0.0049338
0.00273925
0.00477325
0.00274975
0.00274975
0.00275971
0.00443135
0.00276981
0.00425866
0.00425866
0.00277971
0.00277971
0.0040864
0.00390991
0.00372753
0.00372753
0.0035486
0.00336302
0.00318596
0.00318596
0.00246522
0.00228489
0.00228489
0.0023412
0.00235004
0.00235881
0.00277906
0.00276305
0.00240033
0.00275551
0.00274796
0.00241542
0.00273211
0.00243128
0.00272403
0.00243935
0.00271569
0.00271569
0.00270772
0.00270772
0.00269932
0.00247213
0.00268326
0.00248013
0.00248867
0.00249743
0.00250623
0.0025242
0.00253378
0.00253378
0.00266596
0.00268365
0.00268365
0.00269249
0.00270138
0.00271102
0.00272872
-0.00419795
-0.00419795
-0.00433658
-0.00433658
0.00275362
0.00275362
-0.00447492
-0.00461444
-0.00461444
0.0027701
-0.00475546
-0.00475546
0.00277836
0.00277836
-0.00489887
-0.00489887
-0.00504661
-0.00504661
-0.00519197
-0.00519197
-0.00519197
-0.00519197
-0.00519197
-0.00519197
-0.00519197
-0.00519197
-0.00519197
-0.00519197
-0.00519197
-0.00519197
-0.00519197
-0.00519197
-0.00519197
-0.00519197
-0.00519197
-0.00519197
-0.00519197
-0.00519197
0.00280157
-0.00519197
-0.00519197
-0.00419097
-0.00519197
-0.00419097
0.00281608
0.00281608
-0.00519197
-0.00519197
-0.00519197
-0.00419097
-0.00519197
0.00283302
-0.00519197
-0.00519197
-0.00419097
0.00284247
-0.00519197
-0.00519197
0.00285275
-0.00519197
-0.00419097
0.00286385
-0.00419097
-0.00519197
-0.00419097
0.00287505
0.00287505
-0.00519197
-0.00519197
-0.00419097
0.00288634
-0.00419097
-0.00519197
-0.00519197
0.00289808
0.00289808
-0.00419097
-0.00519197
-0.00419097
0.00291008
-0.00419097
-0.00419097
-0.00519197
0.00292262
-0.00419097
-0.00419097
-0.00519197
-0.00519197
0.00293514
-0.00419097
-0.00519197
0.00294823
-0.00419097
-0.00519197
-0.00419097
0.00294823
-0.00419097
-0.00519197
-0.00419097
0.00294823
-0.00419097
-0.00519197
-0.00419097
0.00294823
-0.00419097
-0.00519197
-0.00419097
0.00294823
-0.00419097
-0.00519197
-0.00419097
0.00294823
-0.00419097
-0.00519197
-0.00419097
0.00294823
-0.00419097
-0.00519197
-0.00419097
0.00294823
-0.00419097
-0.00519197
-0.00419097
0.00294823
-0.00419097
-0.00519197
-0.00419097
0.00294823
-0.00419097
-0.00519197
-0.00419097
0.00294823
-0.00419097
-0.00519197
-0.00419097
0.00294823
-0.00419097
-0.00519197
-0.00419097
0.00294823
-0.00419097
-0.00519197
-0.00419097
0.00294823
-0.00419097
-0.00519197
-0.00419097
0.00294823
-0.00419097
-0.00519197
-0.00419097
0.00294823
-0.00419097
-0.00519197
-0.00419097
0.00294823
-0.00419097
-0.00519197
-0.00419097
0.00294823
-0.00419097
-0.00519197
-0.00419097
0.00294823
-0.00419097
-0.00519197
-0.00419097
0.00294823
-0.00419097
-0.00519197
-0.00419097
0.00294823
-0.00419097
-0.00519197
-0.00419097
0.00294823
-0.00419097
-0.00519197
-0.00419097
0.00294823
-0.00419097
-0.00519197
-0.00419097
0.00294823
-0.00419097
-0.00519197
-0.00419097
0.00294823
-0.00419097
-0.00519197
-0.00419097
0.00294823
-0.00419097
-0.00519197
-0.00419097
0.00294823
-0.00419097
-0.00519197
-0.00419097
0.00294823
-0.00419097
-0.00519197
-0.00419097
0.00294823
-0.00419097
-0.00519197
-0.00419097
0.00294823
-0.00419097
-0.00519197
-0.00419097
0.00294823
-0.00419097
-0.00519197
-0.00419097
0.00294823
-0.00419097
-0.00519197
-0.00419097
0.00294823
-0.00419097
-0.00519197
-0.00419097
0.00294823
-0.00419097
-0.00519197
-0.00419097
0.00294823
-0.00419097
-0.00519197
-0.00419097
0.00294823
-0.00419097
-0.00519197
-0.00419097
0.00294823
-0.00419097
-0.00519197
-0.00419097
0.00294823
-0.00419097
-0.00519197
-0.00419097
0.00294823
-0.00419097
-0.00519197
-0.00419097
0.00294823
-0.00419097
-0.00519197
-0.00419097
0.00294823
-0.00419097
-0.00519197
-0.00419097
0.00294823
-0.00419097
-0.00519197
-0.00419097
0.00294823
-0.00419097
-0.00519197
-0.00419097
0.00294823
-0.00419097
-0.00519197
-0.00419097
0.00294823
-0.00419097
-0.00519197
-0.00419097
0.00294823
-0.00419097
-0.00519197
-0.00419097
0.00294823
-0.00419097
-0.00519197
-0.00419097
0.00294823
-0.00419097
-0.00519197
-0.00419097
0.00294823
-0.00419097
-0.00519197
-0.00419097
0.00294823
-0.00419097
-0.00519197
-0.00419097
0.00294823
-0.00419097
-0.00519197
-0.00419097
0.00294823
-0.00419097
-0.00519197
-0.00419097
0.00294823
-0.00419097
-0.00519197
-0.00419097
0.00294823
-0.00419097
-0.00519197
-0.00419097
0.00294823
-0.00419097
-0.00519197
-0.00419097
0.00294823
-0.00419097
-0.00519197
-0.00419097
0.00294823
-0.00419097
-0.00519197
-0.00419097
0.00294823
-0.00419097
-0.00519197
-0.00419097
0.00294823
-0.00419097
-0.00519197
-0.00419097
0.00294823
-0.00419097
-0.00519197
-0.00419097
0.00294823
-0.00419097
-0.00519197
-0.00419097
0.00294823
-0.00419097
-0.00519197
-0.00419097
0.00294823
-0.00419097
-0.00519197
-0.00419097
0.00294823
-0.00419097
-0.00519197
-0.00419097
0.00294823
-0.00419097
-0.00519197
-0.00419097
0.00294823
-0.00419097
-0.00519197
-0.00419097
0.00294823
-0.00419097
-0.00519197
-0.00419097
0.00294823
-0.00419097
-0.00519197
-0.00419097
0.00294823
-0.00419097
-0.00519197
-0.00419097
0.00294823
-0.00419097
-0.00519197
-0.00419097
0.00294823
-0.00419097
-0.00519197
-0.00419097
0.00294823
-0.00419097
-0.00519197
-0.00419097
0.00294823
-0.00419097
-0.00519197
-0.00419097
0.00294823
-0.00419097
-0.00519197
-0.00419097
0.00294823
-0.00419097
-0.00519197
-0.00419097
0.00294823
-0.00419097
-0.00519197
-0.00419097
0.00294823
-0.00419097
-0.00519197
-0.00419097
0.00294823
-0.00419097
-0.00519197
-0.00419097
0.00294823
-0.00419097
-0.00519197
-0.00419097
0.00294823
-0.00419097
-0.00519197
-0.00419097
0.00294823
-0.00419097
-0.00519197
-0.00419097
0.00294823
-0.00419097
-0.00519197
-0.00419097
0.00294823
-0.00419097
-0.00519197
-0.00419097
0.00294823
-0.00419097
-0.00519197
-0.00419097
0.00294823
-0.00419097
-0.00519197
-0.00419097
0.00294823
-0.00419097
-0.00519197
-0.00419097
0.00294823
-0.00419097
-0.00519197
-0.00419097
0.00294823
-0.00419097
-0.00519197
-0.00419097
0.00294823
-0.00419097
-0.00519197
-0.00419097
0.00294823
-0.00419097
-0.00519197
-0.00419097
0.00294823
-0.00419097
-0.00519197
-0.00419097
0.00294823
-0.00419097
-0.00519197
-0.00419097
0.00294823
-0.00419097
-0.00519197
-0.00419097
0.00294823
-0.00419097
-0.00519197
-0.00419097
0.00294823
-0.00419097
-0.00519197
-0.00419097
0.00294823
-0.00419097
-0.00519197
-0.00419097
0.00294823
-0.00419097
-0.00519197
-0.00419097
0.00294823
-0.00419097
-0.00519197
-0.00419097
0.00294823
-0.00419097
-0.00519197
-0.00419097
0.00294823
-0.00419097
-0.00519197
-0.00419097
0.00294823
-0.00419097
-0.00519197
-0.00419097
0.00294823
-0.00419097
-0.00519197
-0.00419097
0.00294823
-0.00419097
-0.00519197
-0.00419097
0.00294823
-0.00419097
-0.00519197
-0.00419097
0.00294823
-0.00419097
-0.00519197
-0.00419097
0.00294823
-0.00419097
-0.00519197
-0.00419097
0.00294823
-0.00419097
-0.00519197
-0.00419097
0.00294823
-0.00419097
-0.00519197
-0.00419097
0.00294823
-0.00419097
-0.00519197
-0.00419097
0.00294823
-0.00419097
-0.00519197
-0.00419097
0.00294823
-0.00419097
-0.00519197
-0.00419097
0.00294823
-0.00419097
-0.00519197
-0.00419097
0.00294823
-0.00419097
-0.00519197
-0.00419097
0.00294823
-0.00419097
-0.00519197
-0.00419097
0.00294823
-0.00419097
-0.00519197
-0.00419097
0.00294823
-0.00419097
-0.00519197
-0.00419097
0.00294823
-0.00419097
-0.00519197
-0.00419097
0.00294823
-0.00419097
-0.00519197
-0.00419097
0.00294823
-0.00419097
-0.00519197
-0.00419097
0.00294823
-0.00419097
-0.00519197
-0.00419097
0.00294823
-0.00419097
-0.00519197
-0.00419097
0.00294823
-0.00419097
-0.00519197
-0.00419097
0.00294823
-0.00419097
-0.00519197
-0.00419097
0.00294823
-0.00419097
-0.00519197
-0.00419097
0.00294823
-0.00419097
-0.00519197
-0.00419097
0.00294823
-0.00419097
-0.00519197
-0.00419097
0.00294823
-0.00419097
-0.00519197
-0.00419097
0.00294823
-0.00419097
-0.00519197
-0.00419097
0.00294823
-0.00419097
-0.00519197
-0.00419097
0.00294823
-0.00419097
-0.00519197
-0.00419097
0.00294823
-0.00419097
-0.00519197
-0.00419097
0.00294823
-0.00419097
-0.00519197
-0.00419097
0.00294823
-0.00419097
-0.00519197
-0.00419097
0.00294823
-0.00419097
-0.00519197
-0.00419097
0.00294823
-0.00419097
-0.00519197
-0.00419097
0.00294823
-0.00419097
-0.00519197
-0.00419097
0.00294823
-0.00419097
-0.00519197
-0.00419097
0.00294823
-0.00419097
-0.00519197
-0.00419097
0.00294823
-0.00419097
-0.00519197
-0.00419097
0.00294823
-0.00419097
-0.00519197
-0.00419097
0.00294823
-0.00419097
-0.00519197
-0.00419097
0.00294823
-0.00419097
-0.00519197
-0.00419097
0.00294823
-0.00419097
-0.00519197
-0.00419097
0.00294823
-0.00419097
-0.00519197
-0.00419097
0.00294823
-0.00419097
-0.00519197
-0.00419097
0.00294823
-0.00419097
-0.00519197
-0.00419097
0.00294823
-0.00419097
-0.00519197
-0.00419097
0.00294823
-0.00419097
-0.00519197
-0.00419097
0.00294823
-0.00419097
-0.00519197
-0.00419097
0.00294823
-0.00419097
-0.00519197
-0.00419097
0.00294823
-0.00419097
-0.00519197
-0.00419097
0.00294823
-0.00419097
-0.00519197
-0.00419097
0.00294823
-0.00419097
-0.00519197
-0.00419097
0.00294823
-0.00419097
-0.00519197
-0.00419097
0.00294823
-0.00419097
-0.00519197
-0.00419097
0.00294823
-0.00419097
-0.00519197
-0.00419097
0.00294823
-0.00419097
-0.00519197
-0.00419097
0.00294823
-0.00419097
-0.00519197
-0.00419097
0.00294823
-0.00419097
-0.00519197
-0.00419097
0.00294823
-0.00419097
-0.00519197
-0.00419097
0.00294823
-0.00419097
-0.00519197
-0.00419097
0.00294823
-0.00419097
-0.00519197
-0.00419097
0.00294823
-0.00419097
-0.00519197
-0.00419097
0.00294823
-0.00419097
-0.00519197
-0.00419097
0.00294823
-0.00419097
-0.00519197
-0.00419097
0.00294823
-0.00419097
-0.00519197
-0.00419097
0.00294823
-0.00419097
-0.00519197
-0.00419097
0.00294823
-0.00419097
-0.00519197
-0.00419097
0.00294823
-0.00419097
-0.00519197
-0.00419097
0.00294823
-0.00419097
-0.00519197
-0.00419097
0.00294823
-0.00419097
-0.00519197
-0.00419097
0.00294823
-0.00419097
-0.00519197
-0.00419097
0.00294823
-0.00419097
-0.00519197
-0.00419097
0.00294823
-0.00419097
-0.00519197
-0.00419097
0.00294823
-0.00419097
-0.00519197
-0.00419097
0.00294823
-0.00419097
-0.00519197
-0.00419097
0.00294823
-0.00419097
-0.00519197
-0.00419097
0.00294823
-0.00419097
-0.00519197
-0.00419097
0.00294823
-0.00419097
-0.00519197
-0.00419097
0.00294823
-0.00419097
-0.00519197
-0.00419097
0.00294823
-0.00419097
-0.00519197
-0.00419097
0.00294823
-0.00419097
-0.00519197
-0.00419097
0.00294823
-0.00419097
-0.00519197
-0.00419097
0.00294823
-0.00419097
-0.00519197
-0.00419097
0.00294823
-0.00419097
-0.00519197
-0.00419097
0.00294823
-0.00419097
-0.00519197
-0.00419097
0.00294823
-0.00419097
-0.00519197
-0.00419097
0.00294823
-0.00419097
-0.00519197
-0.00419097
0.00294823
-0.00419097
-0.00519197
-0.00419097
0.00294823
-0.00419097
-0.00519197
-0.00419097
0.00294823
-0.00419097
-0.00519197
-0.00419097
0.00294823
-0.00419097
-0.00519197
-0.00419097
0.00294823
-0.00419097
-0.00519197
-0.00419097
0.00294823
-0.00419097
-0.00519197
-0.00419097
0.00294823
-0.00419097
-0.00519197
-0.00419097
0.00294823
-0.00419097
-0.00519197
-0.00419097
0.00294823
-0.00419097
-0.00519197
-0.00419097
0.00294823
-0.00419097
-0.00519197
-0.00419097
0.00294823
-0.00419097
-0.00519197
-0.00419097
0.00294823
-0.00419097
-0.00519197
-0.00419097
0.00294823
-0.00419097
-0.00519197
-0.00419097
0.00294823
-0.00419097
-0.00519197
-0.00419097
0.00294823
-0.00419097
-0.00519197
-0.00419097
0.00294823
-0.00419097
-0.00519197
-0.00419097
Average: 0